0,0,0.3510638177394867,0.40780141949653625,0.07446808367967606,0.004728132393211126,0.1075650081038475,0.054373521357774734,0.028368793427944183,846
0,1,0.21739129722118378,0.5652173757553101,0.043478261679410934,0.0,0.10869564861059189,0.06521739065647125,0.021739130839705467,46
0,10,0.2666666805744171,0.4000000059604645,0.13333334028720856,0.0,0.06666667014360428,0.13333334028720856,0.06666667014360428,15
7,9,0.420185387134552,0.35015448927879333,0.05767250433564186,0.007723995950073004,0.1184346005320549,0.04582904279232025,0.054582905024290085,1942
7,10,0.375,0.4166666567325592,0.0833333358168602,0.0,0.1041666641831398,0.02083333395421505,0.0,48
7,11,0.4636329710483551,0.3267437517642975,0.05632226914167404,0.0037299515679478645,0.12085042893886566,0.02872062660753727,0.05072734132409096,2681
8,0,0.41304346919059753,0.3913043439388275,0.06521739065647125,0.0,0.10869564861059189,0.021739130839705467,0.021739130839705467,46
8,1,0.6000000238418579,0.20000000298023224,0.0,0.0,0.20000000298023224,0.0,0.0,10
8,2,0.7142857313156128,0.2857142984867096,0.0,0.0,0.0,0.0,0.0,14
8,4,0.7777777910232544,0.1111111119389534,0.0,0.0,0.1111111119389534,0.0,0.1111111119389534,9
8,5,0.5416666865348816,0.25,0.2083333283662796,0.0,0.0,0.0,0.2083333283662796,24
0,11,0.3941660523414612,0.36275243759155273,0.08451757580041885,7.479431806132197E-4,0.1077038124203682,0.05011219158768654,0.06133133918046951,1337
8,6,0.5625,0.3125,0.0625,0.0,0.0,0.0625,0.0,16
8,7,0.5,0.5,0.0,0.0,0.0,0.0,0.0,6
8,8,0.4177215099334717,0.3670886158943176,0.08860759437084198,0.0,0.06329113990068436,0.06329113990068436,0.10126582533121109,79
8,9,0.42424243688583374,0.3787878751754761,0.10606060922145844,0.0,0.06060606241226196,0.03030303120613098,0.12121212482452393,66
8,11,0.5214285850524902,0.2785714268684387,0.06428571790456772,0.014285714365541935,0.08571428805589676,0.0357142873108387,0.1071428582072258,140
9,0,0.32591092586517334,0.43724697828292847,0.08704453706741333,0.0020242915488779545,0.10121457278728485,0.04655870422720909,0.03238866478204727,494
9,1,0.25,0.75,0.0,0.0,0.0,0.0,0.25,4
9,2,0.4444444477558136,0.3333333432674408,0.0555555559694767,0.0,0.1666666716337204,0.0,0.0555555559694767,18
9,3,0.5,0.25,0.0,0.0,0.0,0.25,0.25,4
9,4,0.4516128897666931,0.29032257199287415,0.08064515888690948,0.016129031777381897,0.14516128599643707,0.016129031777381897,0.0,62
9,5,0.3245614171028137,0.4385964870452881,0.12280701845884323,0.0,0.07017543911933899,0.04385964944958687,0.09649122506380081,114
9,6,0.380952388048172,0.37037035822868347,0.07407407462596893,0.0,0.12169311940670013,0.05291005223989487,0.0317460335791111,189
9,7,0.3488371968269348,0.40697672963142395,0.08139535039663315,0.011627906933426857,0.08139535039663315,0.06976744532585144,0.04651162773370743,86
9,8,0.39436620473861694,0.403033584356308,0.06067172437906265,0.004333694465458393,0.09642469882965088,0.04117009788751602,0.056338027119636536,923
9,9,0.3930530250072479,0.38025593757629395,0.09872028976678848,0.0036563072353601456,0.0822669118642807,0.04204753041267395,0.054844606667757034,547
9,11,0.39891451597213745,0.3826322853565216,0.07327001541852951,0.0027137042488902807,0.09497964382171631,0.047489821910858154,0.07191316038370132,737
1,0,0.3333333432674408,0.6666666865348816,0.0,0.0,0.0,0.0,0.0,6
10,4,0.0,0.0,0.0,0.0,1.0,0.0,0.0,1
10,6,0.0,1.0,0.0,0.0,0.0,0.0,0.0,1
10,8,0.0,0.5,0.0,0.0,0.5,0.0,0.0,2
10,9,0.3333333432674408,0.0,0.0,0.0,0.6666666865348816,0.0,0.0,3
10,11,1.0,0.0,0.0,0.0,0.0,0.0,1.0,1
11,0,0.6551724076271057,0.27586206793785095,0.0,0.0,0.06896551698446274,0.0,0.1034482792019844,29
11,5,0.5333333611488342,0.4000000059604645,0.0,0.0,0.03333333507180214,0.03333333507180214,0.13333334028720856,30
11,6,0.3529411852359772,0.529411792755127,0.05882352963089943,0.0,0.05882352963089943,0.0,0.05882352963089943,17
11,8,0.7010309100151062,0.25773194432258606,0.030927835032343864,0.0,0.0,0.010309278033673763,0.15463916957378387,97
11,9,0.5846154093742371,0.3692307770252228,0.015384615398943424,0.0,0.03076923079788685,0.0,0.10769230872392654,65
11,11,0.6964285969734192,0.25,0.01785714365541935,0.0,0.0357142873108387,0.0,0.1428571492433548,56
12,0,1.0,0.0,0.0,0.0,0.0,0.0,0.5,2
12,5,1.0,0.0,0.0,0.0,0.0,0.0,0.6000000238418579,5
12,6,1.0,0.0,0.0,0.0,0.0,0.0,0.20000000298023224,5
12,8,0.800000011920929,0.20000000298023224,0.0,0.0,0.0,0.0,0.20000000298023224,5
12,9,0.6666666865348816,0.3333333432674408,0.0,0.0,0.0,0.0,0.3333333432674408,6
12,11,1.0,0.0,0.0,0.0,0.0,0.0,0.2222222238779068,9
13,0,0.40625,0.375,0.09375,0.013392857275903225,0.0669642835855484,0.0446428582072258,0.0401785708963871,224
13,2,0.5454545617103577,0.1818181872367859,0.0,0.0,0.1818181872367859,0.09090909361839294,0.09090909361839294,11
13,4,0.44999998807907104,0.4000000059604645,0.05000000074505806,0.0,0.10000000149011612,0.0,0.02500000037252903,40
13,5,0.39823007583618164,0.40707963705062866,0.08849557489156723,0.0,0.03539822995662689,0.07079645991325378,0.07079645991325378,113
13,6,0.4268292784690857,0.39024388790130615,0.024390242993831635,0.0,0.12195122241973877,0.03658536449074745,0.03658536449074745,82
13,7,0.5555555820465088,0.3333333432674408,0.0555555559694767,0.0,0.0555555559694767,0.0,0.1111111119389534,18
13,8,0.3847981095314026,0.39667457342147827,0.07363420724868774,0.0023752970155328512,0.11876484751701355,0.02375296875834465,0.054631829261779785,421
13,9,0.4182509481906891,0.35361215472221375,0.07604562491178513,0.0038022813387215137,0.09885931760072708,0.04942965880036354,0.06463878601789474,263
13,10,0.0,1.0,0.0,0.0,0.0,0.0,0.0,2
1,5,1.0,0.0,0.0,0.0,0.0,0.0,0.3333333432674408,3
13,11,0.3913043439388275,0.40062111616134644,0.07763975113630295,0.009316770359873772,0.07763975113630295,0.043478261679410934,0.08074533939361572,322
14,0,0.375545859336853,0.40611353516578674,0.06550218164920807,0.0,0.10480349510908127,0.04803493618965149,0.06550218164920807,229
14,1,0.10000000149011612,0.699999988079071,0.0,0.0,0.0,0.20000000298023224,0.0,10
14,2,0.6666666865348816,0.1111111119389534,0.0,0.0,0.1111111119389534,0.1111111119389534,0.1111111119389534,18
14,3,0.0,0.5,0.0,0.0,0.25,0.25,0.0,4
14,4,0.3235294222831726,0.3970588147640228,0.04411764815449715,0.0,0.11764705926179886,0.11764705926179886,0.029411764815449715,68
14,5,0.4097222089767456,0.375,0.0347222238779068,0.0,0.1319444477558136,0.0486111119389534,0.0902777761220932,144
14,6,0.33070865273475647,0.3779527544975281,0.12598425149917603,0.0,0.10236220806837082,0.06299212574958801,0.07086614519357681,127
14,7,0.3142857253551483,0.37142857909202576,0.1428571492433548,0.0,0.05714285746216774,0.11428571492433548,0.02857142873108387,35
1,6,0.6666666865348816,0.1666666716337204,0.1666666716337204,0.0,0.0,0.0,0.0833333358168602,12
14,8,0.39679715037345886,0.3701067566871643,0.0729537382721901,0.0035587188322097063,0.10854092240333557,0.04804270341992378,0.05516014248132706,562
14,9,0.3668639063835144,0.3491124212741852,0.10355029255151749,0.005917159840464592,0.11834319680929184,0.05621301755309105,0.06213017925620079,338
14,10,0.25,0.25,0.25,0.0,0.25,0.0,0.0,4
14,11,0.4236842095851898,0.3552631437778473,0.07631579041481018,0.007894736714661121,0.08421052992343903,0.05263157933950424,0.09210526198148727,380
14,12,1.0,0.0,0.0,0.0,0.0,0.0,1.0,1
15,0,0.4482758641242981,0.27586206793785095,0.0,0.0,0.27586206793785095,0.0,0.1034482792019844,29
15,1,0.75,0.25,0.0,0.0,0.0,0.0,0.0,4
15,3,0.6666666865348816,0.3333333432674408,0.0,0.0,0.0,0.0,0.0,3
15,4,0.25,0.75,0.0,0.0,0.0,0.0,0.0,4
0,2,0.40816327929496765,0.3265306055545807,0.08163265138864517,0.020408162847161293,0.08163265138864517,0.08163265138864517,0.020408162847161293,49
1,7,1.0,0.0,0.0,0.0,0.0,0.0,1.0,1
15,5,0.6666666865348816,0.25,0.0833333358168602,0.0,0.0,0.0,0.1666666716337204,12
15,6,0.7142857313156128,0.1428571492433548,0.0714285746216774,0.0,0.0714285746216774,0.0,0.0714285746216774,14
15,7,0.4444444477558136,0.3888888955116272,0.0,0.0,0.1666666716337204,0.0,0.0555555559694767,18
15,8,0.48571428656578064,0.37142857909202576,0.11428571492433548,0.0,0.02857142873108387,0.0,0.08571428805589676,35
15,9,0.5614035129547119,0.2631579041481018,0.10526315867900848,0.0,0.07017543911933899,0.0,0.10526315867900848,57
15,11,0.6363636255264282,0.2857142984867096,0.025974025949835777,0.0,0.051948051899671555,0.0,0.051948051899671555,77
16,0,0.4673684239387512,0.3684210479259491,0.06315789371728897,0.0042105261236429214,0.0884210541844368,0.008421052247285843,0.04842105135321617,475
16,1,0.3076923191547394,0.5128205418586731,0.07692307978868484,0.0,0.10256410390138626,0.0,0.0,39
1,8,0.7647058963775635,0.23529411852359772,0.0,0.0,0.0,0.0,0.23529411852359772,17
16,2,0.5142857432365417,0.22857142984867096,0.05714285746216774,0.0,0.1428571492433548,0.05714285746216774,0.02857142873108387,35
16,4,0.6000000238418579,0.30000001192092896,0.10000000149011612,0.0,0.0,0.0,0.20000000298023224,10
16,5,0.3478260934352875,0.3913043439388275,0.10869564861059189,0.0,0.15217390656471252,0.0,0.1304347813129425,46
16,6,0.3988763988018036,0.4101123511791229,0.056179776787757874,0.0,0.10674156993627548,0.028089888393878937,0.033707864582538605,178
16,7,0.5106382966041565,0.38297873735427856,0.010638297535479069,0.0,0.07446808367967606,0.021276595070958138,0.05319149047136307,94
16,8,0.4173228442668915,0.3763779401779175,0.06299212574958801,0.009448818862438202,0.11338582634925842,0.020472440868616104,0.05984251946210861,635
16,9,0.5174262523651123,0.3217158317565918,0.05093833804130554,0.0,0.0965147465467453,0.013404825702309608,0.05898123234510422,373
16,10,0.3333333432674408,0.6666666865348816,0.0,0.0,0.0,0.0,0.0,3
16,11,0.5019454956054688,0.3190661370754242,0.04474708065390587,0.0019455252913758159,0.11089494079351425,0.021400777623057365,0.06225680932402611,514
1,9,0.6315789222717285,0.31578946113586426,0.05263157933950424,0.0,0.0,0.0,0.15789473056793213,19
17,0,0.6428571343421936,0.2857142984867096,0.0714285746216774,0.0,0.0,0.0,0.2142857164144516,14
17,1,0.4444444477558136,0.2222222238779068,0.2222222238779068,0.0,0.0,0.1111111119389534,0.0,9
17,2,0.6666666865348816,0.3333333432674408,0.0,0.0,0.0,0.0,0.0,3
17,6,0.5789473652839661,0.3684210479259491,0.05263157933950424,0.0,0.0,0.0,0.05263157933950424,19
17,7,0.7142857313156128,0.1428571492433548,0.1428571492433548,0.0,0.0,0.0,0.0,7
17,8,0.4444444477558136,0.5,0.0,0.0,0.0555555559694767,0.0,0.0555555559694767,18
17,11,0.6666666865348816,0.0,0.0,0.0,0.3333333432674408,0.0,0.0,6
0,13,0.23529411852359772,0.4117647111415863,0.11764705926179886,0.0,0.1764705926179886,0.05882352963089943,0.0,34
2,13,0.5,0.5,0.0,0.0,0.0,0.0,0.0,2
4,13,0.3333333432674408,0.4000000059604645,0.06666667014360428,0.0,0.13333334028720856,0.06666667014360428,0.0,30
1,11,0.6086956262588501,0.30434781312942505,0.043478261679410934,0.0,0.043478261679410934,0.0,0.1304347813129425,23
5,13,0.4202898442745209,0.3188405930995941,0.0,0.0,0.15942029654979706,0.10144927352666855,0.0,69
6,13,0.625,0.25,0.0,0.0,0.0,0.125,0.125,8
7,13,0.2946428656578064,0.4017857015132904,0.0892857164144516,0.008928571827709675,0.1428571492433548,0.0625,0.0357142873108387,112
9,13,0.4375,0.25,0.125,0.0,0.125,0.0625,0.0,16
11,13,0.0,0.5,0.5,0.0,0.0,0.0,0.0,2
14,13,0.32258063554763794,0.35483869910240173,0.12903225421905518,0.0,0.06451612710952759,0.12903225421905518,0.032258063554763794,31
15,13,0.25,0.5,0.0,0.0,0.25,0.0,0.0,4
16,13,0.3333333432674408,0.3333333432674408,0.0833333358168602,0.0,0.0833333358168602,0.1666666716337204,0.0,12
2,0,0.4363636374473572,0.40909090638160706,0.072727270424366,0.0,0.072727270424366,0.00909090880304575,0.09090909361839294,110
2,2,0.7894737124443054,0.15789473056793213,0.0,0.0,0.05263157933950424,0.0,0.0,19
0,3,0.5,0.375,0.125,0.0,0.0,0.0,0.0,8
2,4,0.6000000238418579,0.10000000149011612,0.10000000149011612,0.0,0.20000000298023224,0.0,0.0,10
2,5,0.5128205418586731,0.38461539149284363,0.07692307978868484,0.0,0.025641025975346565,0.0,0.07692307978868484,39
2,6,0.34090909361839294,0.5,0.11363636702299118,0.0,0.022727273404598236,0.022727273404598236,0.06818182021379471,44
2,7,0.5,0.5,0.0,0.0,0.0,0.0,0.0,2
2,8,0.47488585114479065,0.36986300349235535,0.054794520139694214,0.0,0.06849315017461777,0.031963471323251724,0.077625572681427,219
2,9,0.453125,0.375,0.0677083358168602,0.0052083334885537624,0.078125,0.02083333395421505,0.0729166641831398,192
2,11,0.5341615080833435,0.3602484464645386,0.03105590119957924,0.0,0.06832297891378403,0.006211180239915848,0.11180124431848526,161
0,4,0.3791208863258362,0.30219781398773193,0.08791209012269974,0.010989011265337467,0.10439560562372208,0.11538461595773697,0.02747252769768238,182
3,7,0.0,0.0,0.0,0.0,1.0,0.0,0.0,1
0,5,0.30254778265953064,0.42038217186927795,0.07006369531154633,0.0,0.1146496832370758,0.09235668927431107,0.07643312215805054,314
4,0,0.4570135772228241,0.3031674325466156,0.0708898976445198,0.003016591304913163,0.13574661314487457,0.030165912583470345,0.05731523409485817,663
4,1,0.3137255012989044,0.3921568691730499,0.0784313753247261,0.019607843831181526,0.11764705926179886,0.0784313753247261,0.0,51
4,2,0.48275861144065857,0.3448275923728943,0.1034482792019844,0.0,0.06896551698446274,0.0,0.0,29
4,3,0.5,0.125,0.25,0.0,0.125,0.0,0.0,8
4,4,0.3658536672592163,0.4146341383457184,0.04878048598766327,0.0,0.12195122241973877,0.04878048598766327,0.04878048598766327,41
4,5,0.4305555522441864,0.4583333432674408,0.013888888992369175,0.0,0.0972222238779068,0.0,0.0555555559694767,72
4,6,0.3973063826560974,0.37037035822868347,0.09427609294652939,0.003367003286257386,0.11784511804580688,0.016835017129778862,0.04377104341983795,297
4,7,0.42763158679008484,0.2697368562221527,0.08552631735801697,0.01315789483487606,0.18421052396297455,0.019736841320991516,0.02631578966975212,152
0,6,0.31270357966423035,0.3876221477985382,0.08469055593013763,0.0,0.13029316067695618,0.08469055593013763,0.03908794745802879,307
4,8,0.4208037853240967,0.3908589482307434,0.06382978707551956,0.003152088262140751,0.1040189117193222,0.017336485907435417,0.04570528119802475,1269
4,9,0.4442896842956543,0.32729804515838623,0.05710306391119957,0.005571030545979738,0.13509748876094818,0.03064066916704178,0.054317548871040344,718
4,11,0.4973031282424927,0.31715211272239685,0.044228695333004,0.006472492124885321,0.12081985175609589,0.014023732393980026,0.05070118606090546,927
5,0,0.37943926453590393,0.36386293172836304,0.06479750573635101,0.006853582337498665,0.12772585451602936,0.05732087045907974,0.029283488169312477,1605
5,1,0.3103448152542114,0.3563218414783478,0.1034482792019844,0.0,0.12643678486347198,0.1034482792019844,0.0,87
5,2,0.4300000071525574,0.3199999928474426,0.03999999910593033,0.0,0.12999999523162842,0.07999999821186066,0.009999999776482582,100
5,3,0.1875,0.4375,0.0625,0.0,0.25,0.0625,0.0,16
5,4,0.2879999876022339,0.46933332085609436,0.07199999690055847,0.0026666666381061077,0.09333333373069763,0.07466666400432587,0.01600000075995922,375
0,7,0.35766422748565674,0.32116788625717163,0.058394160121679306,0.0,0.12408759444952011,0.1386861354112625,0.021897809579968452,137
5,5,0.3253731429576874,0.3850746154785156,0.10447761416435242,0.0029850746504962444,0.12238805741071701,0.05970149114727974,0.0656716451048851,335
5,6,0.3633440434932709,0.3794212341308594,0.04983922839164734,0.001607717014849186,0.14147910475730896,0.06430868059396744,0.03215434029698372,622
5,7,0.4025000035762787,0.3700000047683716,0.057500001043081284,0.004999999888241291,0.10249999910593033,0.0625,0.014999999664723873,400
5,8,0.40310078859329224,0.36627906560897827,0.061369508504867554,0.004521963652223349,0.10562015324831009,0.05910852551460266,0.037144701927900314,3096
5,9,0.41980674862861633,0.3309178650379181,0.06811594218015671,0.0014492754125967622,0.1212560385465622,0.058454107493162155,0.047342993319034576,2070
5,10,0.375,0.4583333432674408,0.0416666679084301,0.0,0.0833333358168602,0.0416666679084301,0.0,24
5,11,0.45018601417541504,0.3224472999572754,0.0537412166595459,0.004547333810478449,0.12939231097698212,0.039685819298028946,0.04051261022686958,2419
6,0,0.31976744532585144,0.3488371968269348,0.075581394135952,0.0058139534667134285,0.1860465109348297,0.06395348906517029,0.03488372266292572,172
6,1,0.2142857164144516,0.2857142984867096,0.0714285746216774,0.0,0.2857142984867096,0.1428571492433548,0.0,14
0,8,0.3672936260700226,0.384535014629364,0.08777429163455963,0.0010449320543557405,0.1034482792019844,0.05590386688709259,0.0407523512840271,1914
6,2,0.0,1.0,0.0,0.0,0.0,0.0,0.0,1
6,3,0.0,0.3636363744735718,0.0,0.0,0.5454545617103577,0.09090909361839294,0.0,11
6,4,0.375,0.375,0.0833333358168602,0.0,0.0416666679084301,0.125,0.0833333358168602,24
6,5,0.18518517911434174,0.4444444477558136,0.18518517911434174,0.0,0.1111111119389534,0.07407407462596893,0.03703703731298447,27
6,6,0.31506848335266113,0.4109589159488678,0.06849315017461777,0.013698630034923553,0.13698630034923553,0.054794520139694214,0.027397260069847107,73
6,7,0.3333333432674408,0.37037035822868347,0.09259258955717087,0.0,0.12962962687015533,0.07407407462596893,0.07407407462596893,54
6,8,0.365558922290802,0.365558922290802,0.0876132920384407,0.0,0.12084592133760452,0.06042296066880226,0.039274923503398895,331
6,9,0.2711864411830902,0.40112993121147156,0.07344632595777512,0.0,0.1525423675775528,0.10169491171836853,0.0451977401971817,177
6,10,0.0,0.0,0.0,0.0,1.0,0.0,0.0,1
6,11,0.35227271914482117,0.3579545319080353,0.09090909361839294,0.0,0.15340909361839294,0.04545454680919647,0.07386363297700882,176
0,9,0.3606671392917633,0.35580265522003174,0.0757470428943634,0.003474635072052479,0.12022237479686737,0.08408617228269577,0.04864489287137985,1439
7,0,0.4090651571750641,0.3654390871524811,0.06175637245178223,0.004532577935606241,0.11841359734535217,0.04079320281744003,0.0345609076321125,1765
7,1,0.3229166567325592,0.3854166567325592,0.0520833320915699,0.0,0.1979166716337204,0.0416666679084301,0.0,192
7,2,0.4579439163208008,0.35514017939567566,0.04672897234559059,0.0,0.13084112107753754,0.009345794096589088,0.009345794096589088,107
7,3,0.3962264060974121,0.30188679695129395,0.09433962404727936,0.0,0.18867924809455872,0.01886792480945587,0.0,53
7,4,0.3839285671710968,0.4040178656578064,0.0602678582072258,0.004464285913854837,0.1160714253783226,0.03125,0.02678571455180645,448
7,5,0.4054054021835327,0.38223937153816223,0.0617760606110096,0.0077220075763762,0.09266409277915955,0.050193049013614655,0.06563706696033478,259
7,6,0.3683473467826843,0.3907563090324402,0.05882352963089943,0.008403361774981022,0.12324929982423782,0.05042016878724098,0.019607843831181526,714
7,7,0.38082191348075867,0.3726027309894562,0.06849315017461777,0.0,0.13150684535503387,0.04657534137368202,0.024657534435391426,365
7,8,0.4025176465511322,0.37058642506599426,0.06263432651758194,0.003070309991016984,0.1218913123011589,0.039299968630075455,0.03807184472680092,3257
